0.00 1.013e+03 288.2 2.548e+19 7.75e+03 3.30e+02 2.66e-02 3.20e-01 1.50e-01 1.70e+00 2.09e+05
1.00 8.988e+02 281.7 2.313e+19 6.07e+03 3.30e+02 2.93e-02 3.20e-01 1.45e-01 1.70e+00 2.09e+05
2.00 7.950e+02 275.2 2.094e+19 4.63e+03 3.30e+02 3.24e-02 3.20e-01 1.40e-01 1.70e+00 2.09e+05
3.00 7.012e+02 268.7 1.891e+19 3.18e+03 3.30e+02 3.32e-02 3.20e-01 1.35e-01 1.70e+00 2.09e+05
4.00 6.166e+02 262.2 1.704e+19 2.16e+03 3.30e+02 3.39e-02 3.20e-01 1.31e-01 1.70e+00 2.09e+05
5.00 5.405e+02 255.7 1.532e+19 1.40e+03 3.30e+02 3.77e-02 3.20e-01 1.30e-01 1.70e+00 2.09e+05
6.00 4.722e+02 249.2 1.373e+19 9.25e+02 3.30e+02 4.11e-02 3.20e-01 1.29e-01 1.70e+00 2.09e+05
7.00 4.111e+02 242.7 1.228e+19 5.72e+02 3.30e+02 5.01e-02 3.20e-01 1.25e-01 1.70e+00 2.09e+05
8.00 3.565e+02 236.2 1.094e+19 3.67e+02 3.30e+02 5.97e-02 3.20e-01 1.19e-01 1.70e+00 2.09e+05
9.00 3.080e+02 229.7 9.719e+18 1.58e+02 3.30e+02 9.17e-02 3.20e-01 1.09e-01 1.69e+00 2.09e+05
10.00 2.650e+02 223.3 8.602e+18 7.00e+01 3.30e+02 1.31e-01 3.18e-01 9.96e-02 1.69e+00 2.09e+05
11.00 2.270e+02 216.8 7.589e+18 3.61e+01 3.30e+02 2.15e-01 3.14e-01 8.96e-02 1.68e+00 2.09e+05
12.00 1.940e+02 216.7 6.489e+18 1.91e+01 3.30e+02 3.10e-01 3.10e-01 7.81e-02 1.66e+00 2.09e+05
13.00 1.658e+02 216.7 5.546e+18 1.09e+01 3.30e+02 3.85e-01 3.05e-01 6.37e-02 1.65e+00 2.09e+05
14.00 1.417e+02 216.7 4.739e+18 5.93e+00 3.30e+02 5.03e-01 3.00e-01 5.03e-02 1.63e+00 2.09e+05
15.00 1.211e+02 216.7 4.050e+18 5.00e+00 3.30e+02 6.51e-01 2.94e-01 3.94e-02 1.61e+00 2.09e+05
16.00 1.035e+02 216.7 3.462e+18 3.95e+00 3.30e+02 8.70e-01 2.88e-01 3.07e-02 1.58e+00 2.09e+05
17.00 8.850e+01 216.7 2.960e+18 3.85e+00 3.30e+02 1.19e+00 2.78e-01 2.49e-02 1.55e+00 2.09e+05
18.00 7.565e+01 216.7 2.530e+18 3.83e+00 3.30e+02 1.59e+00 2.67e-01 1.97e-02 1.52e+00 2.09e+05
19.00 6.467e+01 216.7 2.163e+18 3.85e+00 3.30e+02 2.03e+00 2.53e-01 1.55e-02 1.46e+00 2.09e+05
20.00 5.529e+01 216.7 1.849e+18 3.90e+00 3.30e+02 2.58e+00 2.37e-01 1.33e-02 1.42e+00 2.09e+05
21.00 4.729e+01 217.6 1.575e+18 3.98e+00 3.30e+02 3.03e+00 2.19e-01 1.23e-02 1.36e+00 2.09e+05
22.00 4.047e+01 218.6 1.342e+18 4.07e+00 3.30e+02 3.65e+00 2.05e-01 1.23e-02 1.27e+00 2.09e+05
23.00 3.467e+01 219.6 1.144e+18 4.20e+00 3.30e+02 4.17e+00 1.97e-01 1.30e-02 1.19e+00 2.09e+05
24.00 2.972e+01 220.6 9.765e+17 4.30e+00 3.30e+02 4.63e+00 1.88e-01 1.40e-02 1.12e+00 2.09e+05
25.00 2.549e+01 221.6 8.337e+17 4.43e+00 3.30e+02 5.12e+00 1.76e-01 1.50e-02 1.06e+00 2.09e+05
27.50 1.743e+01 224.0 5.640e+17 4.58e+00 3.30e+02 5.80e+00 1.59e-01 1.60e-02 9.87e-01 2.09e+05
30.00 1.197e+01 226.5 3.830e+17 4.73e+00 3.30e+02 6.55e+00 1.42e-01 1.71e-02 9.14e-01 2.09e+05
32.50 8.010e+00 230.0 2.524e+17 4.82e+00 3.30e+02 7.37e+00 1.17e-01 1.85e-02 8.30e-01 2.09e+05
35.00 5.746e+00 236.5 1.761e+17 4.90e+00 3.30e+02 7.84e+00 9.28e-02 2.01e-02 7.46e-01 2.09e+05
37.50 4.150e+00 242.9 1.238e+17 4.95e+00 3.30e+02 7.80e+00 6.69e-02 2.22e-02 6.62e-01 2.09e+05
40.00 2.871e+00 250.4 8.310e+16 5.03e+00 3.30e+02 7.30e+00 4.51e-02 2.50e-02 5.64e-01 2.09e+05
42.50 2.060e+00 257.3 5.803e+16 5.15e+00 3.30e+02 6.20e+00 2.75e-02 2.82e-02 4.61e-01 2.09e+05
45.00 1.491e+00 264.2 4.090e+16 5.23e+00 3.30e+02 5.25e+00 1.59e-02 3.24e-02 3.63e-01 2.09e+05
47.50 1.090e+00 270.6 2.920e+16 5.25e+00 3.30e+02 4.10e+00 9.38e-03 3.72e-02 2.77e-01 2.09e+05
50.00 7.978e-01 270.7 2.136e+16 5.23e+00 3.30e+02 3.10e+00 4.75e-03 4.60e-02 2.10e-01 2.09e+05
55.00 4.250e-01 260.8 1.181e+16 5.10e+00 3.30e+02 1.80e+00 3.00e-03 6.64e-02 1.65e-01 2.09e+05
60.00 2.190e-01 247.0 6.426e+15 4.75e+00 3.30e+02 1.10e+00 2.07e-03 1.07e-01 1.50e-01 2.09e+05
65.00 1.090e-01 233.3 3.386e+15 4.20e+00 3.30e+02 7.00e-01 1.51e-03 1.86e-01 1.50e-01 2.09e+05
70.00 5.220e-02 219.6 1.723e+15 3.50e+00 3.30e+02 3.00e-01 1.15e-03 3.06e-01 1.50e-01 2.09e+05
75.00 2.400e-02 208.4 8.347e+14 2.83e+00 3.30e+02 2.50e-01 8.89e-04 6.38e-01 1.50e-01 2.09e+05
80.00 1.050e-02 198.6 3.832e+14 2.05e+00 3.28e+02 3.00e-01 7.06e-04 1.50e+00 1.50e-01 2.09e+05
85.00 4.460e-03 188.9 1.711e+14 1.33e+00 3.20e+02 5.00e-01 5.72e-04 3.24e+00 1.50e-01 2.00e+05
90.00 1.840e-03 186.9 7.136e+13 8.50e-01 3.10e+02 7.00e-01 4.71e-04 5.84e+00 1.40e-01 1.90e+05
95.00 7.600e-04 188.4 2.924e+13 5.40e-01 2.70e+02 7.00e-01 3.93e-04 1.01e+01 1.30e-01 1.80e+05
100.00 3.200e-04 195.1 1.189e+13 4.00e-01 1.95e+02 4.00e-01 3.32e-04 1.69e+01 1.20e-01 1.60e+05
105.00 1.450e-04 208.8 5.033e+12 3.40e-01 1.10e+02 2.00e-01 2.84e-04 2.47e+01 1.10e-01 1.40e+05
110.00 7.100e-05 240.0 2.144e+12 2.80e-01 6.00e+01 5.00e-02 2.44e-04 3.36e+01 9.50e-02 1.20e+05
115.00 4.010e-05 300.0 9.688e+11 2.40e-01 4.00e+01 5.00e-03 2.12e-04 4.15e+01 6.00e-02 9.40e+04
120.00 2.540e-05 360.0 5.114e+11 2.00e-01 3.50e+01 5.00e-04 1.85e-04 5.00e+01 3.00e-02 7.25e+04
