443 1.47141 0.00458
490 1.477538814814815 0.004342592592592592
560 1.486667 0.00410175
665 1.5003589729729732 0.003972297297297297
705 1.4993750000000001 0.0039183333333333336
740 1.4977395454545455 0.0039003030303030304
783 1.49572998 0.0038932199999999998
842 1.49297232 0.0039014799999999997
865 1.4918680657894738 0.003914157894736842
940 1.4879240526315791 0.0040665263157894736
1375 1.465027206081081 0.0049455439189189185
1610 1.4526318245614036 0.005411754385964912
2190 1.4220380000000001 0.006158
